[logo-small.jpg]
filters=finetune2=1,0.000000,0.000000,0.272281,00000000,0.000000;Border=1,11.111112,0.000000,0.000000,ff3b3b3b,00ffffff,0.000000;
moddate=00861ba6ddffce01
width=158
height=133
textactive=0
